- name: Work
  latitude: 35.808261
  longitude: -78.730254
  
- name: Harris Teeter
  latitude: 35.917757 
  longitude: -78.958462
  
- name: Target Southpoint
  latitude: 35.902982
  longitude: -78.956088